01,75167-1224011981-702-9288-116268117-37-48116-9027-39-26-8512472-4668-22-5112-103-32,0.000000,0.000000,
02,52114-83-69-53-106119-47-7683101-45125-106-47-615023-416986117119-3-101-43-6211810637-12532,0.000000,0.000000,
03,261636-109-102-31-955790-4310394-263319-9114103-759570-885-7992-5211-66119115-86-53,0.000000,0.000000,
04,18-3999746110-99592-108-4-117124-5711480-12-5-1484-73-97-25374654-3634-48-74-4412,0.000000,0.000000,
05,193039-731139267-1269520105107-11212018-4579-7210682-99-40-55-113-19-65-121111193-11173,0.000000,0.000000,
06,-13-100495658-4518-3910296-69-5080-967864-96-875148-114-13484114-49-1091131968-105109,0.000000,0.000000,
07,10837-56-1284-2-88-3592-48-781-76-957-10358-21-46977-25-7616-18-10887-5983105-102-123,0.000000,0.000000,
08,-45-121-40-1622-95-24-357129-31127-4055-50162211821106-73-46-20305790103-4411152114-80,0.000000,0.000000,
09,-10782-30119-21-52127-95-1114144110-11213-108-33-26-2455-40-85-910645-8739-44831344-113105,0.000000,0.000000,
10,12293-11-1-96-34-6234-115-112-72-48-96-15-80118123116-117106549761848117-7240-9878563,0.000000,0.000000,
11,15-226-67268338383-6251-42-3299762-107-18-60375650-8997-8140-155-84902112,0.000000,0.000000,
01,75167-1224011981-702-9288-116268117-37-48116-9027-39-26-8512472-4668-22-5112-103-32,0.000000,0.000000,
02,52114-83-69-53-106119-47-7683101-45125-106-47-615023-416986117119-3-101-43-6211810637-12532,0.000000,0.000000,
03,261636-109-102-31-955790-4310394-263319-9114103-759570-885-7992-5211-66119115-86-53,0.000000,0.000000,
04,18-3999746110-99592-108-4-117124-5711480-12-5-1484-73-97-25374654-3634-48-74-4412,0.000000,0.000000,
05,193039-731139267-1269520105107-11212018-4579-7210682-99-40-55-113-19-65-121111193-11173,0.000000,0.000000,
06,-13-100495658-4518-3910296-69-5080-967864-96-875148-114-13484114-49-1091131968-105109,0.000000,0.000000,
07,10837-56-1284-2-88-3592-48-781-76-957-10358-21-46977-25-7616-18-10887-5983105-102-123,0.000000,0.000000,
08,-45-121-40-1622-95-24-357129-31127-4055-50162211821106-73-46-20305790103-4411152114-80,0.000000,0.000000,
09,-10782-30119-21-52127-95-1114144110-11213-108-33-26-2455-40-85-910645-8739-44831344-113105,0.000000,0.000000,
10,12293-11-1-96-34-6234-115-112-72-48-96-15-80118123116-117106549761848117-7240-9878563,0.000000,0.000000,
11,15-226-67268338383-6251-42-3299762-107-18-60375650-8997-8140-155-84902112,0.000000,0.000000,
